NAME : prd_B_M6
SB : -1
START_IDX : 181
END_IDX : 211
CURRENT_POS : 0.00000000
TRADE_SIZE_MIN : 0.00000000
TRADE_SIZE_MAX : 10000000000000000.00000000
CLIP_SIZE : 0.00000000
MID_PRICE : 16.97100000
nTrdTrns : 11
FILE_SUFFIX_ARRAY : [ DISCOUNT_FACTOR_ARRAY
TRDTRN_NAME_ARRAY ]
