NAME : trn_S_M19_6
SB : 1
START_IDX : 577
END_IDX : 607
TRADE_SIZE_MIN : 0.00000000
TRADE_SIZE_MAX : 30.00000000
BID_ASK_ADJ : 0.17800000
