NAME : trn_B_M13_2
SB : -1
START_IDX : 396
END_IDX : 423
TRADE_SIZE_MIN : 0.00000000
TRADE_SIZE_MAX : 30.00000000
BID_ASK_ADJ : 0.10800000
