NAME : trn_B_M5_10
SB : -1
START_IDX : 151
END_IDX : 180
TRADE_SIZE_MIN : 0.00000000
TRADE_SIZE_MAX : 30.00000000
BID_ASK_ADJ : 0.22800000
