NAME : trn_B_M4_3
SB : -1
START_IDX : 120
END_IDX : 150
TRADE_SIZE_MIN : 0.00000000
TRADE_SIZE_MAX : 30.00000000
BID_ASK_ADJ : 0.10900000
