NAME : trn_B_M20_9
SB : -1
START_IDX : 608
END_IDX : 637
TRADE_SIZE_MIN : 0.00000000
TRADE_SIZE_MAX : 30.00000000
BID_ASK_ADJ : 0.21500000
