NAME : trn_S_M0_1
SB : 1
START_IDX : 0
END_IDX : 30
TRADE_SIZE_MIN : 0.00000000
TRADE_SIZE_MAX : 30.00000000
BID_ASK_ADJ : 0.05000000
