NAME : trn_S_M21_3
SB : 1
START_IDX : 638
END_IDX : 668
TRADE_SIZE_MIN : 0.00000000
TRADE_SIZE_MAX : 30.00000000
BID_ASK_ADJ : 0.13000000
