NAME : trn_B_M14_7
SB : -1
START_IDX : 424
END_IDX : 454
TRADE_SIZE_MIN : 0.00000000
TRADE_SIZE_MAX : 30.00000000
BID_ASK_ADJ : 0.19100000
