NAME : trn_B_M12_3
SB : -1
START_IDX : 365
END_IDX : 395
TRADE_SIZE_MIN : 0.00000000
TRADE_SIZE_MAX : 30.00000000
BID_ASK_ADJ : 0.13000000
