NAME : trn_S_M17_11
SB : 1
START_IDX : 516
END_IDX : 545
TRADE_SIZE_MIN : 0.00000000
TRADE_SIZE_MAX : 10000000000000000.00000000
BID_ASK_ADJ : 0.23600000
