NAME : trn_B_M6_6
SB : -1
START_IDX : 181
END_IDX : 211
TRADE_SIZE_MIN : 0.00000000
TRADE_SIZE_MAX : 30.00000000
BID_ASK_ADJ : 0.17600000
