NAME : trn_B_M8_1
SB : -1
START_IDX : 243
END_IDX : 272
TRADE_SIZE_MIN : 0.00000000
TRADE_SIZE_MAX : 30.00000000
BID_ASK_ADJ : 0.08100000
