NAME : 'prd_S_M20'
SB : 1
START_IDX : 609
END_IDX : 638
CURRENT_POS : 0.00000000
TRADE_SIZE_MIN : 0.00000000
TRADE_SIZE_MAX : 10000000000000000.00000000
CLIP_SIZE : 0.00000000
MID_PRICE : 20.00000000
nTrdTrns : 11
FILE_SUFFIX_ARRAY : [ 'DISCOUNT_FACTOR_ARRAY'
'TRDTRN_NAME_ARRAY' ]
