NAME : 'prd_B_M23'
SB : -1
START_IDX : 700
END_IDX : 730
CURRENT_POS : 0.00000000
TRADE_SIZE_MIN : 0.00000000
TRADE_SIZE_MAX : 10000000000000000.00000000
CLIP_SIZE : 0.00000000
MID_PRICE : 26.10300000
nTrdTrns : 11
FILE_SUFFIX_ARRAY : [ 'DISCOUNT_FACTOR_ARRAY'
'TRDTRN_NAME_ARRAY' ]
