NAME : 'prd_S_M9'
SB : 1
START_IDX : 274
END_IDX : 304
CURRENT_POS : 0.00000000
TRADE_SIZE_MIN : 0.00000000
TRADE_SIZE_MAX : 10000000000000000.00000000
CLIP_SIZE : 0.00000000
MID_PRICE : 20.29900000
nTrdTrns : 11
FILE_SUFFIX_ARRAY : [ 'DISCOUNT_FACTOR_ARRAY'
'TRDTRN_NAME_ARRAY' ]
