NAME : 'trn_S_M13_7'
SB : 1
START_IDX : 397
END_IDX : 424
TRADE_SIZE_MIN : 0.00000000
TRADE_SIZE_MAX : 30.00000000
BID_ASK_ADJ : 0.19100000
