NAME : 'trn_B_M7_8'
SB : -1
START_IDX : 213
END_IDX : 243
TRADE_SIZE_MIN : 0.00000000
TRADE_SIZE_MAX : 30.00000000
BID_ASK_ADJ : 0.19900000
