NAME : 'trn_B_M3_6'
SB : -1
START_IDX : 91
END_IDX : 120
TRADE_SIZE_MIN : 0.00000000
TRADE_SIZE_MAX : 30.00000000
BID_ASK_ADJ : 0.17500000
