NAME : 'trn_S_M21_5'
SB : 1
START_IDX : 639
END_IDX : 669
TRADE_SIZE_MIN : 0.00000000
TRADE_SIZE_MAX : 30.00000000
BID_ASK_ADJ : 0.16300000
