NAME : 'trn_S_M14_7'
SB : 1
START_IDX : 425
END_IDX : 455
TRADE_SIZE_MIN : 0.00000000
TRADE_SIZE_MAX : 30.00000000
BID_ASK_ADJ : 0.19100000
