NAME : 'trn_B_M19_8'
SB : -1
START_IDX : 578
END_IDX : 608
TRADE_SIZE_MIN : 0.00000000
TRADE_SIZE_MAX : 30.00000000
BID_ASK_ADJ : 0.20300000
