NAME : 'trn_S_M1_9'
SB : 1
START_IDX : 32
END_IDX : 59
TRADE_SIZE_MIN : 0.00000000
TRADE_SIZE_MAX : 30.00000000
BID_ASK_ADJ : 0.21500000
