NAME : 'trn_B_M22_4'
SB : -1
START_IDX : 670
END_IDX : 699
TRADE_SIZE_MIN : 0.00000000
TRADE_SIZE_MAX : 30.00000000
BID_ASK_ADJ : 0.14800000
