NAME : 'trn_B_M12_2'
SB : -1
START_IDX : 366
END_IDX : 396
TRADE_SIZE_MIN : 0.00000000
TRADE_SIZE_MAX : 30.00000000
BID_ASK_ADJ : 0.10800000
