NAME : 'trn_B_M11_10'
SB : -1
START_IDX : 335
END_IDX : 365
TRADE_SIZE_MIN : 0.00000000
TRADE_SIZE_MAX : 30.00000000
BID_ASK_ADJ : 0.22600000
