NAME : 'trn_B_M6_11'
SB : -1
START_IDX : 182
END_IDX : 212
TRADE_SIZE_MIN : 0.00000000
TRADE_SIZE_MAX : 10000000000000000.00000000
BID_ASK_ADJ : 0.22900000
