NAME : 'trn_B_M0_4'
SB : -1
START_IDX : 1
END_IDX : 31
TRADE_SIZE_MIN : 0.00000000
TRADE_SIZE_MAX : 30.00000000
BID_ASK_ADJ : 0.13800000
