NAME : 'trn_B_M2_7'
SB : -1
START_IDX : 60
END_IDX : 90
TRADE_SIZE_MIN : 0.00000000
TRADE_SIZE_MAX : 30.00000000
BID_ASK_ADJ : 0.19700000
