NAME : 'trn_S_M17_8'
SB : 1
START_IDX : 517
END_IDX : 546
TRADE_SIZE_MIN : 0.00000000
TRADE_SIZE_MAX : 30.00000000
BID_ASK_ADJ : 0.20300000
