NAME : 'trn_S_M9_3'
SB : 1
START_IDX : 274
END_IDX : 304
TRADE_SIZE_MIN : 0.00000000
TRADE_SIZE_MAX : 30.00000000
BID_ASK_ADJ : 0.12900000
