NAME : 'trn_B_M8_3'
SB : -1
START_IDX : 244
END_IDX : 273
TRADE_SIZE_MIN : 0.00000000
TRADE_SIZE_MAX : 30.00000000
BID_ASK_ADJ : 0.12900000
