NAME : 'trn_B_M14_1'
SB : -1
START_IDX : 425
END_IDX : 455
TRADE_SIZE_MIN : 0.00000000
TRADE_SIZE_MAX : 30.00000000
BID_ASK_ADJ : 0.08000000
